444
26063  4174   1779 35059 950200   229   990   377  1833   745   519   604   228   209   107    61     0
26064  2729    858 35039 940900   271   872   408  1062   116   159   164   139   128   103    61    52
26065  4273   1487 35039    500   202   856   400  2121   694   432   621   250   191    90    48    15
26066   130     14 35039    600    15    16     9    71    19    21    28     0    11     5     0     0
26067  5575   1579 35045    703   427  1390   711  2477   570   388   672   359   281   161    93    33
26068  6886   2039 35045    601   454  1556   815  3310   751   522   910   410   408   192    49    54
26069  4307   1569 35045    501   392  1095   823  1835   162   219   356   259   252   144    97    40
26071 11513   2538 35045 942800  1016  3671  1766  4387   673   453   545   507   567   431   254   339
26072  4527   1446 35007 950500   288   929   493  2017   800   505   670   294   242   106    39     5
26073  6139   2379 35055 952100   317  1130   593  3386   713   848   932   439   304   119    36    18
26074  2901    983 35055 952300   170   562   329  1550   290   491   394   203   129    62    18    13
26075  3889   2078 35007 950600   232   773   445  1680   759   519   589   232   182    77    13    12
26076  5117   1381 35039    400   311  1251   658  2373   524   467   512   352   323   160    52    23
26077  5773   2337 35007 950700   246  1355   483  2780   909   582   962   335   260   142    27     6
26078  6016   2038 35045    605   346  1413   824  2756   677   351   733   337   329   121    73    31
26079  7803   2306 35045    502   666  2291  1080  3291   475   314   567   403   478   259   183   125
26080  1055    430 35045    702    59   237   144   485   130    82   119    56    61    25    20     6
26081  7729   2729 35045    606   752  2048  1374  2993   562   454   683   459   498   277   141    51
26082  3753   1763 35045    202   224   907   313  1865   444   180   451   262   251    83    42     5
26083  2991    966 35045    201   161   741   223  1595   271   159   425   184   187   108    30    10
26084  2173   1384 35045    204   152   531   348   914   228   116   253   130   108   103    45     0
26085  4828    834 35045 943000   451  1604   718  1783   272   153   196   214   226   194   108   145
26086  7461   2211 35045    704   659  1977  1067  3103   655   424   693   437   479   229   116    73
26087  5024    767 35045 942900   391  1536   643  1928   526   314   340   204   211   173    83   157
26088  4870   1962 35045    401   346  1088   564  2242   630   381   680   326   256   131    31    35
26089  4723   1871 35045    301   256  1010   653  2152   652   566   713   334   226   100    37    17
26090  6289   4960 35045    205   539  1608  1080  2572   490   553   694   410   398   176   102    19
26091  4890   3266 35045    100   412  1220   775  2014   469   368   515   278   263   162    80    45
26092  3249    946 35045    302   201   702   396  1453   497   353   454   219   189    67    26    11
26093  2984   4948 35045    402   270   581   593  1185   355   404   333   186   120    89    21    22
26094  7366   1609 35045 943200   698  2236  1080  2909   443   313   446   318   354   281   200   151
26095  6850   3592 35055 952400   344  1363   843  3411   889   994   896   439   334   160    35    45
26096  5709   2132 35055 952700   278  1172   571  2886   802   714   782   389   319   101    52    14
26097  6579   2922 35055 952600   408  1436   791  3219   725   832   799   479   367   138    77    17
26098   136     25 35039 943300     2    44    17    41    32    11    11     9     3     0     5     6
26099  6351   1186 35039    300   514  1463   985  2830   559   504   642   437   394   189    43    68
26100  5180   1399 35033 955200   323  1165   560  2247   885   543   664   327   271   143    46    21
26101  4073    809 35039    200   238   906   477  1911   541   392   511   295   241   136    12     0
26102  1801    403 35055 952900   115   399   204   840   243   187   222   130   106    51     7     9
26103  2958     95 35043 943300   264  1030   479  1000   185   122   136   109   120    85    96   101
26104   810    344 35021    100    24   150    64   334   238   133   129    45    39    13     4     3
26105     9      4 35043 940900     0     0     0     9     0     0     4     0     0     0     0     0
26106  2184    885 35043  10200   116   523   203  1056   286   223   277   137   107    70    24    15
26107  2316    348 35045 943100   146   675   249   931   315   167   202   129   134    46    30    47
26108  3559    470 35039    100   197   771   465  1692   434   348   410   283   209    93     8    19
26109  6748   1289 35039 954100   499  1620  1106  2924   599   449   629   460   383   248    71    39
26110  4655    691 35039 940800   289  1126   540  2256   444   355   534   313   296   136    52    17
26111  3419   1781 35039 940700   233   691   498  1511   486   407   408   219   172   101    16    24
26112  7037   1374 35031 943800   761  2329  1078  2525   344   317   300   250   264   265   179   238
26113  4416    815 35031 943700   441  1412   688  1547   328   237   183   174   202   181   106   113
26114  3986    978 35031 943500   325  1323   544  1587   207   217   217   174   165   160   103    95
26115  4875    531 35049  10102   224  1266   659  2342   384   382   572   365   294   137    51    12
26116  2591    792 35049 940700   177   572   362  1170   310   268   332   157   130    75    32    14
26117  2459    278 35031 943400   274   784   366   839   196   122   146    93   100    63    20   115
26119  2858    827 35043  10101   166   621   275  1496   300   224   359   145   158    66    19    36
26121  4141    362 35028    100   249   956   274  2191   471   232   672   273   258   100    28     0
26122  4613   1129 35028    200   307  1025   378  2327   576   455   699   275   286    95    30    22
26123  4480   1097 35049  10201   189   728   252  2633   678   503   897   254   204    74    37     7
26124  2712    950 35049  10202   204   581   362  1280   285   261   355   187   186    66    11     9
26125  1526     83 35049 940300   125   348   204   698   151   126   173   105    92    51    14    10
26126  1757     51 35049  10103   122   367   182   867   219   175   240   130    84    57     8     9
26127  3526  15515 35028    400   184   499   373  1910   560   871   582   167   151    48     7     0
26128  6153    676 35047 957600   394  1432   740  3039   548   529   714   413   368   171    64    23
26129  4688    954 35047 957500   291  1204   552  2031   610   390   589   264   245   135    22    22
26131   216    830 35043  10301    12    34    33   128     9    36    22    29     0     0     0     9
26132  6063    846 35028    500   328  1433   245  3386   671   304   934   372   414   149    54    17
26133  1829    250 35049  10307   194   395   221   945    74   109   172   129   149    51    22     5
26134  1895    602 35037 958500    93   419   155   818   410   216   286   111    92    47     7    10
26135  4185   1440 35049    101    69   439   207  2382  1088   801   971   246   139    21     0     0
26136  3592   1489 35049    200   126   432   433  1936   665   638   697   248   111    70     0     3
26137  1562    448 35049  10500    12   228   102   939   281   248   311   112    61    10     0     6
26138  2899    461 35049  10800   106   602   205  1764   222   220   506   187   110    88    35     0
26139  1748   1965 35049    300    78   228   261   990   191   524   222    89    65    35     0     3
26140  2451     97 35049   1203   233   630   358  1133    97   115   219   172   141    86    20    34
26141   611  11645 35049    400     0    15    56   191   349   281    79     7     0     0     0     0
26142  2901   1692 35049  10400    87   446   374  1406   588   354   526   141   129    33    15     0
26143  3207   1038 35049    800   188   554   453  1682   330   527   457   215   111    61    52     4
26144  2434   2563 35049    500    71   218   210  1349   586   683   481   120    91     8     0     0
26145  2205   2130 35049    700   196   183   432  1071   323   423   338   136    66    43    13     8
26146  2334   3283 35049    600    55   219   324  1373   363   694   415   164    67     0     5     4
26147  3668   1243 35049    900   199   600   435  1973   461   518   522   227   177    65    40    12
26148  1482    187 35043 940100   100   312   194   631   245   115   170    85    52    47    14    27
26150  3481   5470 35049   1002   275   677   765  1401   363   434   396   209   157    98    63    17
26151  4026   3621 35049   1202   406   796   854  1697   273   446   377   252   224   103    71    34
26152  6311   1048 35031 943600   647  2109   975  2206   374   354   246   247   236   220   163   213
26153  4048   1186 35047 957200   311  1073   534  1695   435   459   452   291   219   106    34    11
26154  2431    193 35049  10304   156   403   322  1352   198   310   387    95   171    43    29     0
26155  2340   3079 35049   1103    85   391   697  1005   162   263   277   102    82    30    25    11
26156  9813   1565 35031 943900   931  3094  1511  3695   582   426   517   396   418   394   214   276
26158  2727   1584 35049   1102   137   419   371  1447   353   501   450   189   100    46     6    13
26159  5723    920 35049   1107   250  1068   846  2968   591   664   769   384   314   111    50    22
26160  9533    856 35049   1201  1049  2348  1863  3983   290   565   765   597   617   313   155    95
26161  4491   1520 35047 957800   306  1098   495  2016   576   407   432   302   245   136    48    13
26162  2660   2338 35049   1106    88   430   338  1373   431   293   334   192   120    80    21     0
26163  2149   5035 35049   1001    57   306    94   967   725   488   263   127    89    14     0    13
26164  1958    228 35043  10102   157   568   305   798   130    47    63    92    86    80    41    63
26165  2698    336 35049   1105   110   516   345  1546   181   444   405   202   118    40    15     0
26166  8211   2451 35049   1300   866  2037  1607  3445   256   599   728   498   528   237   105    79
26167  4496   1522 35049  10302   244   778   255  2580   639   683   675   324   257    46    17    17
26168  4875    921 35049  10700   113  1011   227  3031   493   453   875   334   284    63    29     0
26169  3445    156 35043 940200   330  1043   606  1267   199    57    77    58    90   114    77   185
26170  6307   1311 35049  10600   328  1323   374  3828   454   549   988   421   400   107    49    19
26171  3675   2060 35047 957300   176   738   852  1402   507   470   463   170   198    55    13     7
26172  3035   1557 35031 945300   303   894   469  1159   210   245   233   160   162    89    59    50
26173  4826   2162 35047 957400   353  1021   712  2118   622   553   552   331   225   128    62    17
26174 10804   1346 35049  10306   745  2752   867  5762   678   674  1361   712   675   314    76    66
26175  2360    555 35049  10308   151   559   312  1197   141   202   284   132   109    80    34    16
26176  6059   1910 35031 945200   570  1889   906  2476   218   243   398   357   331   238   130    88
26177   904      4 35049  10305    20    48   306   530     0     0    10     0     9    14     0     0
26178  2245    404 35047 957700   109   565   291  1029   251   157   236   179    67    92    54     0
26179  5511   1598 35031 945600   474  1645   845  2228   319   220   366   256   299   178    90   107
26180  3185    121 35043  10302   290   913   603  1214   165    64   107    77   116   114    64   135
26181  3215   2060 35031 945400   216   835   504  1273   387   404   354   198   145    68    21    36
26183  5590   3577 35031 945500   444  1023   607  2696   820   654   710   336   276   137    76     0
26184   723    208 35031 972800    46   207    55   367    48    27    60    40    49     8    29     7
26185  4672    914 35043  10502   222   820   308  2840   482   378   908   244   218   112    23    20
26186  6124   1017 35031 946000   621  2112   857  2157   377   290   378   239   252   158    87   246
26187  6650    197 35043  10711   756  1507  1086  2999   302   606   707   525   426   179    48    24
26188  2737   1077 35043  10710   280   701   344  1265   147    74   284   205   176    87    53     0
26189  1573    485 35037 958800    50   283   118   769   353   145   280   115    72    28    12     0
26190  2261    348 35031 945700   182   681   254   983   161   190   118   123   101   107    54    26
26191  3056   1263 35043  10503   287   611   535  1340   283   281   328   220   173    82    43    14
26192  5565   2246 35043  10702   354  1322   391  3001   497   255   689   357   386   138    70     7
26193  3818   1063 35043 940500   342   955   582  1640   299   217   354   228   261   161    49    18
26194   122     19 35031 940400    14    34    10    49    15    13     0     0     6     0     0     7
26195   189     45 35006 946000    12    63    27    70    17     0    23     5    11     0     0     9
26196   368     36 35043 940400    25    98    51   164    30    26    39    13    25    19     6     0
26197  6058   2377 35043  10703   428  1630   579  3022   399   327   610   422   434   177    85    12
26198  3467    840 35043  10601   111   845   198  1927   386   275   505   181   212    98    25    32
26199  5322    792 35043  10705   325  1406   569  2519   503   243   560   378   355   174    71     9
26200  3371    307 35043  10602   178   658   202  1960   373   197   549   208   230    82    18     0
26201  5102    602 35043  10712   395  1274   750  2284   399   297   502   342   330   165    89    24
26202  3749    967 35043  10715   173   856   249  1626   845   530   518   204   203    84    36    14
26203  3347    875 35043  10714   247   622   541  1474   463   243   601   198   205    82     9     7
26204  4924    171 35043  10713   419  1278   659  2294   274   341   517   349   354   145    40    17
26205  4922   6944 35043  10716   243   729   396  1901  1653   754   711   256   201   101    26    11
26207  4485   1853 35043  10709   306  1002   400  2178   599   323   543   302   281   124    54     8
26208  3388   1475 35037 958602   232   709   411  1475   561   366   488   244   119    81    33     4
26209  3288   1542 35006 974400   245   825   409  1391   418   295   374   202   170    98    26    31
26210   250    897 35001 940400    12    38    17   154    29    13    64    18     5     6     0     0
26211  1531     49 35001 945900   147   529   241   567    47    66    52    55    69    55    41    51
26212  1284    300 35031 940200   155   436   196   478    19    44    44    54    86    65    21    35
26213   817      0 35001   4800     4    46   372   391     4    12    29    40     0     0     0     0
26214  2295   3738 35001   4716   119   392   412  1149   223   478   423   102    80    54     0    14
26215  2765    337 35001   3803   153   553   219  1630   210   153   448   172   196    58     0    29
26216  3316    420 35001   4718   424   597   709  1396   190   237   290   257   222   119    24     0
26217  2582    366 35001   3720    96   381   105  1700   300   191   603   162   133    31     0     0
26218  5708    363 35001   4717   571  1064  1459  2420   194   526   803   387   352   144    30    22
26219  2460    361 35001   3805   105   426   227  1381   321   280   448   155   127    40    11     3
26220  4680   1501 35019 961600   256   958   661  2191   614   462   520   276   246    96    43    18
26221  6251   1158 35001   3600   396  1178   731  3144   802   501   821   412   352   161    61    21
26222  4569    252 35001   4721   398   928   770  2091   382   227   551   345   310   103    60    13
26223  3643    190 35001   4720   342   703   522  1636   440   295   540   234   199    82    31    12
26224  4786  26484 35001   3734   358   923   720  2004   781   598   682   314   218    89    50    15
26225  5926   1188 35001   4719   521  1193   789  2945   478   473   834   424   404   114    35    18
26226  2698    858 35001   3722   236   609   369  1308   176   164   344   206   156   131     0     0
26227  4886    539 35001   3732   286  1434   325  2660   181   226   457   318   402   164    43     5
26228  4599    511 35001   3721   187   784   308  2678   642   490   915   276   175   123    11     0
26229  2413    238 35001   3731   142   566   142  1362   201   117   285   144   210    51    20    10
26230   509    165 35031 945800    55   138    73   159    84    52    36    18    20    39     0     8
26231  3299   1219 35037 958601   188   667   337  1466   641   488   496   178   184    59    42     5
26232   138      0 35006 945900    22    44    25    41     6     3     0     2     5     0    14     5
26233  5172   1782 35001   3502   236  1002   286  2919   729   438   752   345   341   132    50     0
26234  3701    783 35001   4722   233   699   955  1619   195   388   556   228   167    76     8     0
26235  7141    760 35001   4723   604  1953   525  3769   290   314   664   458   587   215    83    25
26236  5300   3705 35001   3501   310  1092   742  2521   635   561   601   362   292   157    34    50
26237  4819   1681 35006 974201   371  1162   889  1946   451   343   489   360   224   157    31    51
26238  1333    169 35001   3729    49   370    42   685   187    74   214    60    68    52     7     7
26239  6376   2060 35001   3723   336  1103   741  2938  1258   898  1009   432   268   128    64     0
26240  5435   1229 35001   3712   333  1127   607  2843   525   378   679   398   380   129    52     7
26241  4218    276 35001   3730   200  1181   189  2250   398   220   451   265   359   106    25    14
26242  3275    319 35001   4724   176   912   304  1707   176    75   365   180   277   113    41     2
26243  2949   1032 35006 974202   297   560   328  1306   458   320   416   159   207    41    33     0
26244  4881    669 35001   3804   233  1154   343  2823   328   287   706   334   307    88    50    22
26245  3300    379 35001   4725   306   849   356  1728    61   204   327   213   241   129    36     0
26246  2680     72 35001   4726   293   588   377  1348    74   197   305   220   149    50    34     5
26247  4708   1430 35001   3725   290   834   678  2354   552   643   719   306   218    83    24    16
26248  3584   1571 35001   3724   135   583   432  1836   598   452   663   242   152    56    18     9
26249  4459    810 35001   3715   154   804   411  2413   677   524   777   272   232    94    26    12
26250  2328    251 35001   3726    93   471   259  1289   216   223   349   154   153    49    10     0
26251  7800    706 35001   3727   403  1405  1037  4073   882  1262  1220   508   442   126    37     7
26252  2979   4771 35001   3733   331   650   917   970   111   376   362   254   116    44    38    16
26253  2280    129 35001   4727   132   527   282  1106   233    69   278   172   110    50    45    30
26254  3042    182 35001   4728   110   599   456  1632   245   189   474   211   223    61     0     6
26255  5391    961 35001   3717   268   978   750  2692   703   761   891   355   280    94    15    13
26256  2366    775 35001   4729   219   568   404  1006   169   304   265   153    99    93    18     0
26257  4686   1391 35001   3728   132   668   796  2166   924   904   743   281   192    64     0     0
26258  4895   1923 35001   3707   238   780  1029  2183   665   769   821   298   241    89    13    28
26259  2691    493 35001   3100   114   517   210  1399   451   314   419   149   155    56    19     8
26260  6323   1571 35001   3714   365   820  1834  2440   864  1510  1227   379   173    63    41     0
26261  4887   1943 35001   3719   268   761   692  2032  1134   839   756   310   215    85    14    15
26262  8448    412 35001   4731   897  1696  1290  4234   331   629  1006   651   589   203    49    28
26263  2918   1124 35001   3201   156   690   372  1372   328   298   391   179   157    54    18    17
26264  2452    669 35001   3718    84   387   265  1257   459   278   414   156   117    71    19     6
26265  4196  19530 35001   3400   266  1116  1039  1497   278   790   490   271   161    62    21    28
26266  5621   1830 35001   3202   369  1173   809  2463   807   635   656   384   258   149    57    53
26267  2771    185 35001    107    99   501   222  1504   445   295   524   157   137    59    19     0
26268  3912    597 35001   3002   182   748   464  1991   527   417   502   279   188    87    58    18
26269  3294   1529 35001    204   299   577   621  1366   431   347   411   247   179    78    32    19
26270  1976   2031 35001    203    81   298   292   842   463   437   364   122    74    22     7     4
26271  2702   1105 35001    118    90   590   469  1041   512   275   420   134   181    48    46     0
26272  2164   1054 35001    117    61   389   154  1109   451   194   399   155   104    28    27     0
26273  2696    672 35001    108   122   506   352  1332   384   359   439   152   137    63     0     0
26274  2570   1070 35001    109   144   521   277  1143   485   192   360   166   161    47    27    19
26275  8181    978 35001   4730   987  1291  1888  3616   399   825  1026   655   450   188    80     0
26276  3212    348 35001    206   189   601   358  1416   648   298   457   219   175    81    25    13
26277  4577    716 35001   3001   318  1006   627  2071   555   458   629   284   213    94    55    26
26278  1742    384 35001    119    34   315    46   791   556   233   317   139    59    29     0     0
26279  3304    648 35001    205   135   622   649  1499   399   555   456   221   161    59    45     0
26280  3504   1384 35001    110   151   586   599  1620   548   612   561   236   153    62    13    14
26281  2322    454 35001    111    81   434   231  1101   475   139   433   129   147    33    15     6
26282  2766    670 35001    120   180   563   473  1187   363   321   402   185   137    76    18    13
26283  3950   4267 35001   2900   276   814   566  1862   432   471   411   232   200   127    57    16
26284  2823   3247 35001    208   163   504   303  1498   355   362   381   193   139    66     9    25
26285  3396   6136 35001    207   208   554   369  1625   640   413   550   211   175    41    54     5
26286  4053   3273 35001    122   161   576   424  1754  1138   513   687   258   152    62    36     6
26287  5774   2430 35001    121   385   922   674  2482  1311  1055   818   343   276    92    32    28
26288  3150    592 35001    113   183   640   471  1593   263   336   493   235   169    61    25     0
26289  3322    749 35001    114   209   705   534  1470   404   317   402   250   190    81    28    16
26290  2204    151 35001    112   137   438   149  1295   185   242   345   186    84    59    14     0
26291  3047    462 35001   3806   219   667   186  1781   194   179   452   195   186    82    28     6
26292  3221    592 35001    116   210   685   349  1680   297   308   448   191   185    78    36    12
26293  3057    836 35001    115   179   557   467  1386   468   454   481   220   111    51    36     0
26294  6109   4691 35001    300   305   755  1283  2807   959   993  1072   435   274    67    20     4
26295  4109   7663 35001   2700   168   581   702  2161   497   801   614   200   131    53    45    31
26296  1884   1901 35001   2500   120   412   272   867   213   237   197   137   107    57    17    15
26297  5268    658 35001   2401   362  1170   751  2360   625   307   581   359   275   172    72    36
26298  9005   4185 35001   4705  1033  2268  1909  3434   361   608   766   640   578   275   107    56
26299  2276   2739 35001   2000   105   376   765   738   292   457   360   164    63    34     8     6
26300  4218   2839 35001    401   225   698   564  1979   752   653   677   259   194    74    45     0
26301  3653   5141 35001    124   144   470   635  1801   603  1300   486   157   114    32    22     3
26302  4324    366 35001    125   277   870   304  2435   438   203   718   291   295   104    13    11
26303  5035   1644 35001    123   285   988   551  2323   888   487   772   326   257   108    64     3
26304  2354  12483 35001   1800    18   231  1712   239   154   305    62     0     8     0     0     0
26305  2907    640 35001    127   122   647   357  1317   464   277   418   199   160    72    21     7
26306  2923    791 35001    126   180   556   426  1349   412   369   485   199   125    59    26     5
26307  3765   3308 35001    601   184   584   520  1617   860   668   584   219   155   111    10     0
26308  1400    978 35001   2600    93   179   225   618   285   362   163   102    54    24     6     0
26309  3384   1102 35001   2200   209   445   636  1574   520   920   532   143   117    35    11    32
26310  4502    469 35001    129   327   773   728  1943   731   888   641   325   186   100     0    17
26311  3568   1657 35001    402   153   573   433  1813   596   591   603   237   156    74     0    12
26312  3302    590 35001    128   244   717   489  1483   369   281   419   263   178    84    31     5
26313  6343   1718 35031 940300   466  1790  1007  2670   410   127   218   264   276   231   178   177
26314  7606    828 35001   2402   633  1860  1122  3200   791   500   674   481   420   233   126   100
26315  1051   1097 35001   1900    55   129   255   333   279   234   133    51    20    28     0     0
26316  1721  16561 35001   2100    27    48   601   928   117   212    91    31     6     0     0     0
26317  2814    527 35006 941500   255   788   446  1100   225    87   101   111   122   104    83    84
26318  7736   1083 35001   2300   673  1756  1266  3128   913   554   592   458   451   265   151    72
26319  4792    384 35001    711   293   869   649  2529   452   441   733   341   250   111    51     0
26320  3724   1800 35001    704   224   796   497  1830   377   421   451   239   220   106    38     0
26321  4883   3361 35001   1700   165   470  1844  2051   353  1257   875   320   139    58     7     8
26322  7630   7127 35001    500   348   845  1392  3319  1726  1938  1217   408   208    78    39     6
26323  5769   2587 35001    707   406  1197   826  2389   951   730   699   359   273   156    78    43
26324  5109   1150 35001    603   654  1177  1037  1966   275   391   431   290   294   156    50    93
26325  3976   1817 35001    604   412   628   967  1672   297   661   429   249   185    85    56    29
26326  4430    385 35001    712   421  1090   809  1880   230   402   529   297   267   117    42    17
26327  2932   1860 35001   1500   245   613   553  1217   304   420   236   144   109    77    36    48
26328  4626    894 35001   4712   548  1126  1060  1708   184   220   358   322   332   142    71    27
26329  2578   5047 35001   1600    52   189  1399   746   192   848   444   127    49     0     5     0
26330  4571   2183 35001    708   311   694   853  1885   828   878   644   269   197    77    48     0
26331  4402    455 35001   3807   313  1060   319  2476   234   358   637   271   244    95    19    47
26332  3270    797 35001   1400   245   715   512  1401   397   354   265   147   169   112    44    39
26333  6388  14635 35001   1200   536  1245  1381  2585   641   838   813   446   291   139    56    36
26334  5046   3695 35001   1101   336   670   605  2664   771   817   898   366   206    93    13     0
26335  3059    213 35001   1102   212   531   723  1356   237   433   446   205   147    60    35     8
26336  5372   4756 35001    903   439   763  1280  2290   600  1410   756   350   185    79    33     8
26337  7633    699 35001    901   830  1582  1442  3025   754   931   567   410   388   208   109    90
26338  3933    588 35001    904   188   785   537  1822   601   592   572   216   159   103    17    48
26339  5454    762 35001    713   469  1044  1139  2194   608   839   714   397   276   126    14    45
26340  4314   4897 35001   4001   288  1145   615  1884   382   210   351   256   240   156    70    50
26341  4837   1424 35001   1300   414  1313   785  1841   484   242   295   232   254   192    81   115
26342  5102    780 35001   4300   381  1201   758  2185   577   428   497   314   264   157    65    58
26343  3611    399 35001    710   116   455   188  1973   879   329   832   203   159    81     0     0
26344  3222    177 35001   4714   316   921   685  1180   120    99   262   235   196   112    54    25
26345  3319    305 35001   4401   228   751   506  1417   417   197   259   235   198    96    79    16
26346  2775    201 35001    714   205   426   389  1465   290   260   439   233   134    65     8     4
26347  4757  13409 35001    801   785   964  1856  1150     2   243   336   332   354   161    35     0
26348  8765    437 35001   4732  1025  2352  1990  3225   173   268   569   583   568   340   206    52
26349  4071    101 35001   4713   320  1115   565  1684   387   124   279   236   253   158    64    60
26350  3562    656 35001   4502   347   801   564  1401   449   249   302   226   188   108    57    53
26351  3492    213 35001   4501   342   881   560  1394   315   180   242   200   186   139    43    74
26352  3926    494 35001   4402   282   949   472  1844   379   227   350   259   216   144    56    43
26353   632    181 35057 963400    48   118    60   290   116    66    91    37    38    14     3     4
26354  3090    954 35057 963202   230   781   383  1356   340   279   384   186   184   102    18    25
26355  4287    613 35057 963201   238  1271   457  2026   295   301   499   242   246   147    69    17
26357  4321    318 35001   4715   406  1210   625  1892   188   158   298   252   269   149    67    67
26358  3496    459 35001   4603   177   887   452  1614   366   164   345   227   212   118    31    45
26359  5009    382 35001   4604   350  1352   609  2322   376   252   431   298   316   189    56    46
26360  7317   1497 35057 963203   571  1689   902  3494   661   533   847   344   354   240    61    70
26361  4160    608 35001   4602   226   947   444  2173   370   258   449   246   250   132    47    37
26363   634     94 35061 940100    62   146    93   274    59    66    28    71    49    26     0     0
26364  2166    279 35001 940200   181   541   293   943   208   167   173   135   116    73    44    13
26365  8395   2441 35009    600   590  2180   972  3789   864   576   944   502   511   262    97    51
26366    45    479 35001 940300     6    13     9    15     2     0     0     1     2     4     0     0
26367   931     19 35061 940300    84   285   144   380    38    37    57    58    44    41    20    12
26368    41    115 35061 940200     0     6     9    22     4     0     6     3     0     3     0     0
26369  4358    851 35061 970200   223   987   361  2157   630   263   594   288   238   138    21    32
26371  5862   1305 35061 970102   366  1383   617  2813   683   353   710   354   374   168    68    36
26372  1337    660 35061 970402    86   279   161   675   136   124   201   114    62     8     2    23
26373  5340   2291 35061 970401   479  1321   760  2357   423   335   521   344   331   170    55    54
26374  4556   1435 35061 970403   427   953   647  2198   331   327   486   299   284   136    23    32
26375  4513    133 35061 970101   412  1284   730  1866   221   181   328   223   275   195    66    88
26376  6213    233 35061 970301   711  1939   932  2484   147   191   378   308   298   253   170   104
26377  5860   1466 35061 970700   352  1225   877  2970   436   302   609   310   295   143    71    38
26378  6352    456 35061 970303   446  1498   654  3164   590   373   698   471   394   174    80    29
26379   646    128 35061 971200    82   137    71   311    45    54    91    19    28    20    10     8
26380  3804    714 35006 940100   316  1021   576  1507   384   151   223   201   190   151    91    70
26381  2240    845 35011 960100   112   444   200   896   588   288   334   133   103    36    27     3
26382  2340    520 35006 945800   182   761   250   936   211   182   140   101   111    86    42    62
26383  1796    311 35061 970302   143   429   278   839   107    79   217   110   148    54    10     5
26384  5024   2022 35061 970800   364  1113   673  2151   723   442   679   263   227   142    48    60
26385  4876   2506 35061 970901   347  1131   647  2016   735   443   569   302   261   133    41    47
26386  1317    119 35061 971100    68   382   159   531   177    49   153    76    53    36    18    42
26387  1585    484 35057 963500    99   354   161   674   297   214   202   106    60    56    18    10
26388  4121    824 35061 971000   243   698   445  1691  1044   481   714   232   212    80    24    10
26389  5254   1427 35006 974500   310  1008   663  2592   681   359   637   279   259   123    68    13
26390  2375    258 35061 970902   115   549   239  1174   298   174   350   112   169    56    24     5
26391  6435   2186 35041    400   429  1648   844  2719   795   442   788   337   399   229    59    34
26392  3543   1132 35003 976200   149   624   224  1881   665   471   673   203   127    68    36     9
26394  1591    164 35053 946100   146   543   290   520    92    15    44    50    69    64    22    78
26396  4547    952 35053 978100   314  1139   507  2074   513   404   533   273   244   146    61    23
26397  8424   2157 35009    302   490  1698   906  4080  1250   817  1295   546   475   208    56    14
26398  5583   2359 35009    301   379  1306   747  2217   934   743   772   328   298   124    30    49
26399  3925   1295 35009    201   276   862   571  1537   679   362   489   229   235    88    50    13
26400  4471   2100 35009    100   459  1264   724  1600   424   413   354   272   208   143    64    38
26401  3836    704 35009    202   331   953   675  1518   359   347   421   257   224   111    40    30
26402  4555   3952 35009    900   613   822  2112  1000     8   354   360   292   316   150    10     0
26403  3716   4169 35009    400   385   812   648  1446   425   524   416   261   154    94    27    34
26404  2139    677 35009    500   192   641   297   830   179   154   200   100   147    67    48    19
26405  1957    761 35027 980200   109   344   183   925   396   246   317   107    92    39    17     3
26406  3493    982 35041    200   360   814   622  1324   373   278   335   237   181   114    54    17
26407  4000   2150 35041    100   268   839   864  1438   591   463   575   255   203    78    49    11
26408  4090   1437 35041    300   301   684  1419  1256   430   467   514   227   199    57    15    13
26409  3644   1408 35053 978303   227   868   581  1575   393   435   366   191   206   136    30    24
26410  2879   1194 35053 978301   222   516   523  1209   409   203   418   211   198    50    11     0
26411  3614   1525 35053 978302   220   678  1055  1322   339   485   520   239    99    51    13    38
26412  9006   3311 35005   1100   642  2500  1302  3785   777   473   880   556   442   323   128    98
26413  1779    591 35005   1200   139   427   191   869   153   111   190   126    67    91    34     4
26414  2841    964 35027 980300   146   615   224  1431   425   287   475   163   128    63    17    16
26415  1803    637 35053 978200    95   439   123   893   253   221   239   107   100    38    25    10
26416  3976   1215 35025   1100   240   997   447  1778   514   291   517   216   268   111    44    23
26417  5944   1693 35027 980400   309  1268   530  2973   864   525  1030   316   258   151    59    26
26418  5477   1230 35051 982400   255   940   355  2584  1343   676  1081   250   218    99    45    30
26419  8299   3143 35005   1000   372  1642   546  3711  2028   867  1285   521   444   171    53    23
26420  4320   1384 35005    400   376  1041   670  1713   520   391   434   296   253   132    56    23
26421  5997   2132 35005    300   405  1259   950  2427   956   886   788   320   209   166    86    14
26422  2469    632 35005    900   103   566   183  1160   457   162   427   157   116    64     0    35
26423  7607   4104 35005    200   655  1753  1160  2942  1097   876   907   484   349   225    89    40
26424  6211   2881 35027 980600   285   997   523  3099  1307   792  1231   371   237   118    22    27
26425  4820   1236 35005    600   394  1197   780  1912   537   354   403   248   181   175   121    52
26426  1907   1191 35005    500   196   451   350   659   251   196   173   122   118    48    16    23
26427  6020   1839 35035    700   370  1424   513  2854   859   548   803   376   304   174    59    45
26428  3136    806 35035    800   288  1089   517  1166    76   119   141   165   175   130    55    65
26429  5362   1113 35005    800   381  1155   611  2238   977   706   683   328   287   128    49    23
26430  4398   1761 35005    700   316   997   572  1744   769   321   563   265   231   126    44    23
26431  2458   1693 35027 980800   114   496   254  1100   494   346   380   174   110    47    16     0
26432  2879    879 35005   1300   197   846   366  1211   259   103   258   128   197    81    71    17
26433  2448    598 35017 984200   135   441   198  1190   484   230   457   133   121    40    35     0
26434  2771    723 35017 984100   130   450   144  1528   519   330   465   171   133    42    35    12
26435  3821   1399 35051 982200   185   684   328  1486  1138   757   634   187   140    52    31    12
26436  3972   1456 35051 982300   162   586   300  1698  1226   761   706   202   130    59    27     6
26437  2539    875 35005   1400   228   737   278  1021   275   154   240   121   138    98    47    27
26438  1455   4525 35013   1900   202   389   219   640     5    81   121   129    89    43    27     0
26439  8705   1426 35035    900   603  2250   853  3989  1010   627  1112   418   379   328   185    77
26440  2471    707 35035    603   161   537   254  1204   315   205   392   148   108    72    25    16
26441  6254   2150 35025   1002   492  1630   949  2430   753   471   600   361   360   202    88    40
26442  6422   2668 35035    500   492  1637  1066  2682   545   511   749   418   382   188    67    29
26443  4415   1061 35015    900   290  1177   458  2037   453   273   510   246   271   160    34    44
26444  6594   2491 35035    301   481  1475   915  2898   825   596   883   435   400   161    45    19
26445  1288    319 35035    602    47   261   203   610   167   155   182    47    69    19     7     0
26446  3636    998 35025   1003   327   882   480  1436   511   301   399   216   243   118    53     6
26447  2208   2197 35035    601   197   392  1016   596     7    20   126    83   117    40    49     0
26448  8002   2247 35035    302   464  1730   956  3618  1234   762  1186   482   460   199    64    37
26449  5503   1332 35035    401   339  1162   614  2623   765   522   817   364   285   143    53     0
26450  2021   1596 35035    200   151   429   306   828   307   347   208   123    75    30    18    45
26451  2868   2412 35035    100   298   623   539  1080   328   267   372   198   225    75     0     0
26452  7906   2550 35025    700   511  1640  1391  3559   805   367   794   447   461   171    68    24
26453  7060   2272 35035    402   550  1714  1056  3017   723   638   805   409   388   200    95    44
26454  5974   3915 35015   1000   515  1480   816  2346   817   564   626   365   316   185    68    42
26455  9806   1118 35013   1301   793  2136  1427  4449  1001   750  1188   620   581   289   109    56
26456  5707   1740 35017 984700   311  1228   503  2747   918   419   912   344   305   136    21    50
26457  6076   1478 35015   1100   436  1437   638  2688   877   621   774   363   375   162    51    27
26458  3194    704 35017 984500   279   791   417  1323   384   305   355   169   157   118    46    21
26459  6574   2581 35017 984300   472  1334  1027  2697  1044   776   940   443   305   128    49    28
26460  4750   2836 35017 984400   401  1061   771  1946   571   565   524   299   246   143    47    23
26461  5587   1396 35013   1400   513  1730   706  2053   585   287   422   237   294   185   108   126
26462  2662    817 35023 988100   173   711   240  1239   299   220   315   147   147    90    37    14
26463  5538   1303 35025    502   483  1359   838  2202   656   569   664   369   287   183    58    17
26464  6099   1928 35025    501   408  1303   884  2794   710   565   865   398   395   138    49     3
26465  1827    640 35017 984800   129   359   212   775   352   167   272   107    77    51    16    13
26466  5870   2793 35025    600   421  1484   593  2319  1053   421   657   333   347   184   102    19
26467  3731   1117 35017 984600   234   820   393  1483   801   338   460   217   196   107    12    27
26468  2982   1507 35025    200   243   740   492  1158   349   271   272   160   165   117    33    28
26469  2489   1861 35025    100   325   551   464   897   252   218   270   132   141    73    23    26
26470  2441    822 35025    400   223   684   358   894   282   252   221   180   181    67    23     6
26471  3306    723 35025    300   237  1002   529  1200   338   266   244   211   153   121    55    48
26472  8641    503 35013   1302   722  2583  1217  3664   455   379   612   500   507   324   173    98
26473  5015   1366 35015    700   384  1263   573  2444   351   265   560   346   310   158    87    12
26474  4406    904 35029    500   260  1041   416  1903   786   455   619   239   204   120    41    34
26475  2896    948 35025    800   215   671   429  1210   371   232   341   193   187    82    30     6
26476  2118    682 35025    900   120   523   204   912   359   184   301    92   105    82    32    13
26477  5351   1611 35013   1500   254   927   756  2662   752   347   747   248   252   112    33    31
26478  4473   1246 35015    200   160   859   280  2049  1125   436   774   255   206    82    23    22
26479  3591   1662 35015    401   221   827   423  1484   636   308   463   206   180   110    49     0
26480  7138   1030 35013   1303   405  1691   753  3554   735   374   828   481   435   216    95    14
26481  5375   1947 35015    300   320  1027   628  2292  1108   725   791   322   267   109    35    17
26482  1487   2958 35015    100   100   303   199   631   254   215   171    92    85    36     3     0
26483  4345    743 35015    402   354   996   629  1784   582   396   556   254   267   123    22    37
26484  6405   3277 35013   1201   439  1321   809  2901   935   565   820   417   335   166    51    31
26485  3323    828 35015    500   258   722   492  1389   462   324   390   233   194    92    11    34
26486  5506   2379 35015    600   504  1317   710  2291   684   424   598   385   315   173    58    38
26487  2078    443 35015    800   164   589   229   855   241   134   192   115   118    65    41    24
26488  3270   1219 35023 988200   286   808   380  1292   504   328   331   194   174    75    46    34
26489  7902   1022 35013    101   617  1975  1092  3374   844   534   907   546   482   245    39    64
26490  3839    512 35013    102   211   946   472  1666   544   253   487   261   228    86    56    25
26491  8755   7289 35013    200   617  1810  1749  3550  1029   746   936   502   433   233   125     0
26492 11066   7103 35013   1202   502  1759  2273  4614  1918  1420  1942   703   509   205    78     8
26493  3441   1849 35013    300   241   621   552  1528   499   428   502   233   151    85    18    17
26494  5647   1898 35013    402   471  1156   946  2030  1044   563   704   400   301   154    55    27
26495  3007    770 35013    401   258   739   532  1050   428   263   265   186   148    98    36    48
26496  2902   4276 35013    500   226   658   532  1202   284   370   346   145   157    69    29    30
26497  6064   2054 35013    700   481  1303  1484  2060   736   647   716   419   296   162    68    43
26498  2776   6413 35013    600   168   562   479  1176   391   424   324   184   122    59    40    14
26499  6514   3166 35013    900   444   816  2998  1669   587  1057   934   323   216   109    38    19
26500  3512   1033 35013    800   227   561  1326  1016   382   414   613   255   159    59    21     0
26501  2997    554 35013   1102   179   594   469  1361   394   330   456   195   139    66    24    14
26502  6063    835 35029    400   416  1565   553  2510  1019   537   730   293   274   208   100    68
26503  2816    974 35013   1000   213   723  1524   350     6    45   110   124    67    29    23     3
26504  2501   1161 35029    600   237   545   356   975   388   288   278   125   115    60    18    50
26505  9193   1392 35013   1101   715  2140  1614  3822   902   682  1012   604   548   299   126    37
26506  5474   1511 35029    100   456  1173   646  2110  1089   591   696   304   272   194    79    22
26507  2594   1456 35029    300   146   547   282   928   691   385   235   132   120    67    30    16
26508  3978    776 35029    200   371  1088   468  1479   572   219   506   223   213   151    62    14
26509  6267    579 35013   1801   560  1929   970  2366   442   158   397   330   348   278   121    92
26510  2876    269 35013   1600   199   691   341  1233   412   161   277   125   178   109    30    40
26511  3248   2019 35013   1701   231   713   310  1610   384   216   404   238   198    81    33    12
26512  5807    959 35013   1802   613  1763   881  2090   460   171   316   271   343   260   121   101
26513  1835    581 35013   1702   189   435   281   698   232   119   158    69    95    71    37    25
26514  6117    734 35013   1804   504  1876   796  2506   435   289   448   285   353   234   113   104
26515  8388    722 35013   1803   893  2621  1363  2945   566   176   391   413   501   344   188   176
26516  2565    360 35013   1703   146   666   262  1171   320   175   180   165   154   121    23    29
26517  9274    480 35013   1704   915  2644  1722  3183   810   212   484   386   521   322   209   227
26518  3491    464 35013   1705   353  1091   511  1318   218    73    81   120   171   157   109    80
63021  5281  35051  4013 112506   692  1110  1392  1825   262   349   437   333   299   175    65    78
